Tree.=====================================================================
1 null 2 3

10 20 40 -1 100 110 -1 50 30 60 -1 -1 70 80 -1 90 -1

460 3871 4698 8399 504 4421 7515 -1 4167 5727 -1 -1 3096 434 7389 2667 5661 1969 7815 4292 3006 9750 6693 -1 6906 -1 -1 -1 -1 -1 -1 -1 -1 -1 -1 -1 -1 -1 -1 -1 -1 -1 -1 

1 2 3 4 null 5 6 null null 7 

1 3 2 5 3 -1 9

1 3 -1 5 3

1 3 2 5

1 2 3 9 6 4 5 -1 10 11 -1 12 7 

1 3 2 5 -1 -1 9 6 -1 -1 7

1 2 3 4 5 6 7 -1 -1 -1 -1 -1 8 -1 9

20 8 22 4 12 -1 25 -1 -1 10 14 

8 3 10 1 -1 6 14 -1 -1 4 7 13

1 2 3 4 -1 -1 5

10 20 30 40 50 -1 -1 60 90 -1 -1 70 -1 -1 100 80 -1 -1 110

5 4 8 11 null 13 4 7 2 null null 5 1 

//complete_Tree.===========================================================================

7 6 5 4 3 2 1

1 2 3 4 5 6 7

1 2 3 4 5 6 7 8 9 10 11 12 

